4
3
____________
3.34109
0.407766
1.3889
2.07463
4
3.34109 0.407766
2.64538 2.82074
1.21069 2.31037
1.3889 2.07463
12
2.64538 2.82074 3.34109 0.407766
3.72093 0.833697 3.34109 0.407766
1.21069 2.31037 2.64538 2.82074
1.88071 1.65164 1.21069 2.31037
0.453031 1.70159 1.21069 2.31037
1.94753 1.69242 1.88071 1.65164
0.03382 2.88488 0.453031 1.70159
0.263426 2.58415 0.03382 2.88488
0.952533 1.41167 0.453031 1.70159
2.56078 0.0328307 3.34109 0.407766
0.689653 2.1134 0.453031 1.70159
1.3889 2.07463 1.21069 2.31037
